6 6000000 12
6 21000000 14
4 9000000 21
4 15000000 24
5 9000000 29
2 18000000 32
6 6000000 38
3 12000000 40
5 6000000 44
3 12000000 46
5 9000000 50
5 12000000 53
5 9000000 57
3 6000000 60
6 15000000 62
6 18000000 67
6 6000000 73
6 9000000 75
5 15000000 78
5 6000000 83
5 18000000 85
4 9000000 91
5 6000000 94
4 9000000 96
6 6000000 99
5 12000000 101
6 15000000 105
6 6000000 110
5 6000000 112
6 15000000 114
6 6000000 119
4 12000000 121
5 9000000 125
6 21000000 128
6 18000000 135
5 9000000 141
5 6000000 144
5 21000000 146
6 9000000 153
4 12000000 156
5 6000000 160
5 15000000 162
3 9000000 167
5 24000000 170
4 6000000 178
5 9000000 180
5 6000000 183
5 15000000 185
4 6000000 190
4 9000000 192
6 6000000 195
5 12000000 197
6 21000000 201
5 9000000 208
3 9000000 211
6 6000000 214
6 6000000 216
6 6000000 218
6 6000000 220
5 6000000 222
4 9000000 224
3 9000000 227
3 9000000 230
6 9000000 233
3 15000000 236
6 18000000 241
5 12000000 247
6 6000000 251
6 9000000 253
6 9000000 256
5 6000000 259
6 9000000 261
3 9000000 264
4 6000000 267
6 9000000 269
6 24000000 272
5 36000000 280
6 6000000 292
4 12000000 294
6 894000000 298
0 0 0
0 0 0
0 0 0
0 0 0
0 0 0
0 0 0
0 0 0
0 0 0
0 0 0
0 0 0
0 0 0
0 0 0
0 0 0
0 0 0
0 0 0
0 0 0
0 0 0
0 0 0
0 0 0
0 0 0
0 0 0
0 0 0
0 0 0
0 0 0
0 0 0
0 0 0
0 0 0
0 0 0
0 0 0
0 0 0
0 0 0
0 0 0
0 0 0
0 0 0
0 0 0
0 0 0
0 0 0
0 0 0
0 0 0
0 0 0
0 0 0
0 0 0
0 0 0
0 0 0
0 0 0
0 0 0
0 0 0
0 0 0
0 0 0
0 0 0
0 0 0
0 0 0
0 0 0
0 0 0
0 0 0
0 0 0
0 0 0
0 0 0
0 0 0
0 0 0
0 0 0
0 0 0
0 0 0
0 0 0
0 0 0
0 0 0
0 0 0
0 0 0
0 0 0
0 0 0
